# AAVS3 Antenna locations
# This file was generated by :
# Danny Price on 5 Oct 2023
# using station_location_from_platform_yaml()
1 -1.2 0.21 0.011
2 1.068 -1.242 0.004
3 0.07 2.11 0.005
4 -1.679 -1.659 -0.007
5 2.64 0.173 0.009
6 -2.249 1.909 0.002
7 0.38 -3.077 -0.005
8 1.901 2.785 0.012
9 -3.475 -0.726 -0.011
10 3.234 -1.836 0.008
11 -1.208 3.816 0.003
12 -1.767 -3.703 -0.044
13 3.928 1.689 0.014
14 -4.202 1.567 -0.005
15 2.138 -4.034 -0.011
16 1.202 4.619 0.0
17 -4.125 -2.585 -0.039
18 4.967 -0.814 0.018
19 -3.201 4.175 0.013
20 -0.476 -5.26 -0.02
21 4.011 3.75 0.021
22 -5.594 0.014 -0.022
23 4.194 -3.794 -0.001
24 -0.561 5.84 0.016
25 -3.618 -4.691 0.009
26 5.973 1.098 0.025
27 -5.257 3.315 0.006
28 1.636 -6.05 -0.022
29 2.912 5.74 0.015
30 -6.135 -2.224 -0.036
31 6.119 -2.492 0.002
32 -2.898 6.097 0.027
33 -2.053 -6.478 -0.043
34 5.968 3.545 0.03
35 -6.892 1.519 -0.03
36 4.101 -5.788 0.0
37 0.896 7.236 0.028
38 -5.624 -4.722 -0.041
39 7.423 -0.245 0.023
40 -5.34 5.297 0.022
41 0.346 -7.585 -0.035
42 4.899 5.964 0.036
43 -7.748 -1.027 -0.036
44 6.487 -4.454 0.012
45 -1.809 7.831 0.02
46 -4.004 -6.986 -0.036
47 7.766 2.545 0.039
48 -7.296 3.362 -0.031
49 3.209 -7.648 -0.002
50 2.799 7.943 0.022
51 -7.533 -3.93 -0.044
52 8.304 -2.119 0.019
53 -4.72 7.314 0.023
54 -1.461 -8.565 -0.044
55 6.951 5.462 0.041
56 -8.906 0.739 -0.034
57 6.092 -6.523 0.009
58 -0.078 9.092 0.009
59 -6.159 -6.743 -0.044
60 9.153 0.91 0.035
61 -7.432 5.617 -0.001
62 1.692 -9.182 -0.04
63 4.99 8.052 0.03
64 -9.184 -2.526 -0.059
65 8.516 -4.312 0.031
66 -3.42 9.074 0.004
67 -3.657 -9.009 -0.041
68 8.819 4.277 0.049
69 -9.467 2.895 -0.023
70 5.044 -8.531 -0.005
71 2.076 9.836 0.02
72 -7.918 -5.849 -0.049
73 10.082 -1.202 0.038
74 -6.686 7.818 0.014
75 -0.352 -10.277 -0.037
76 7.247 7.458 0.038
77 -10.446 -0.556 -0.047
78 8.112 -6.62 0.025
79 -1.528 10.526 0.009
80 -6.016 -8.737 -0.019
81 10.418 2.472 0.033
82 -9.416 5.326 -0.01
83 3.369 -10.246 -0.015
84 4.482 9.957 0.043
85 -10.097 -4.269 -0.057
86 10.393 -3.617 0.038
87 -5.277 9.829 0.014
88 -2.754 -10.787 -0.086
89 9.358 6.183 0.041
90 -11.145 1.872 -0.041
91 7.011 -8.864 0.022
92 0.799 11.433 0.015
93 -8.355 -7.862 -0.045
94 11.512 0.175 0.046
95 -8.676 7.754 -0.008
96 1.158 -11.584 -0.007
97 6.997 9.423 0.049
98 -11.592 -2.17 -0.062
99 10.046 -6.195 0.044
100 -3.25 11.478 0.023
101 -5.407 -10.648 -0.034
102 11.221 4.324 0.048
103 -11.226 4.52 -0.043
104 5.258 -10.896 -0.001
105 3.49 11.709 0.038
106 -10.529 -6.256 -0.048
107 12.05 -2.438 0.064
108 -7.281 10.057 0.005
109 -1.456 -12.279 -0.038
110 9.418 8.187 0.041
111 -12.563 0.399 -0.069
112 9.021 -8.71 0.016
113 -0.746 12.648 0.019
114 -8.014 -9.849 -0.076
115 12.592 1.918 0.058
116 -10.633 7.248 -0.027
117 2.979 -12.494 -0.006
118 6.269 11.344 0.046
119 -12.334 -4.081 -0.069
120 11.893 -5.281 0.071
121 -5.231 12.066 0.018
122 -4.314 -12.366 -0.042
123 11.572 6.335 0.035
124 -12.874 3.284 -0.059
125 7.312 -11.067 0.017
126 2.065 13.244 0.03
127 -10.518 -8.321 -0.068
128 13.402 -0.911 0.065
129 -9.347 9.855 -0.026
130 0.254 -13.543 -0.02
131 9.008 10.229 0.04
132 -13.602 -1.404 -0.082
133 11.018 -8.104 0.03
134 -2.658 13.574 0.028
135 -7.204 -11.755 -0.056
136 13.296 3.887 0.06
137 -12.488 6.202 -0.045
138 5.036 -12.991 -0.014
139 5.104 13.082 0.043
140 -12.685 -6.158 -0.073
141 13.562 -3.959 0.085
142 -7.346 12.181 -0.012
143 -2.799 -13.921 -0.055
144 11.516 8.481 0.039
145 -14.261 1.598 -0.111
146 9.458 -10.77 0.022
147 0.318 14.456 0.029
148 -10.021 -10.425 -0.03
149 14.455 0.988 0.069
150 -11.392 9.148 -0.008
151 2.193 -14.437 -0.03
152 8.143 12.221 0.047
153 -14.322 -3.465 -0.075
154 12.915 -7.085 0.069
155 -4.752 14.09 0.004
156 -6.019 -13.565 -0.064
157 13.638 6.055 0.051
158 -14.182 4.87 -0.055
159 7.204 -13.118 -0.005
160 3.574 14.664 0.026
161 -12.578 -8.373 -0.059
162 14.961 -2.247 0.097
163 -9.505 11.87 0.016
164 -0.991 -15.159 -0.035
165 11.005 10.632 0.052
166 -15.359 -0.313 -0.089
167 11.561 -10.092 0.035
168 -1.715 15.36 0.019
169 -9.161 -12.466 -0.022
170 15.188 3.072 0.073
171 -13.346 8.048 -0.031
172 4.402 -14.952 -0.032
173 6.871 14.108 0.063
174 -14.632 -5.685 -0.072
175 14.66 -5.655 0.107
176 -7.052 14.166 0.004
177 -4.4 -15.163 -0.067
178 13.52 8.316 0.061
179 -15.621 3.081 -0.062
180 9.46 -12.817 0.017
181 1.661 15.937 0.045
182 -12.068 -10.608 -0.087
183 16.081 -0.246 0.085
184 -11.765 11.16 -0.034
185 1.098 -16.112 -0.003
186 10.084 12.737 0.06
187 -16.098 -2.511 -0.085
188 13.585 -8.977 0.049
189 -3.975 15.948 0.016
190 -7.851 -14.359 -0.047
191 15.533 5.379 0.065
192 -15.141 6.619 -0.044
193 6.708 -15.068 -0.01
194 5.219 15.771 0.055
195 -14.518 -8.023 -0.069
196 16.174 -3.845 0.094
197 -9.408 13.884 -0.019
198 -2.489 -16.524 -0.063
199 13.006 10.596 0.062
200 -16.804 1.028 -0.076
201 11.721 -12.065 0.032
202 -0.511 16.966 0.037
203 -11.122 -12.77 -0.065
204 16.851 2.003 0.088
205 -13.805 10.036 -0.048
206 3.421 -16.705 -0.024
207 8.742 14.732 0.07
208 -16.445 -4.89 -0.073
209 15.472 -7.476 0.081
210 -6.414 16.033 0.004
211 -6.157 -16.115 -0.061
212 15.462 7.823 0.064
213 -16.729 4.748 -0.059
214 9.121 -14.781 0.008
215 3.265 17.171 0.052
216 -14.026 -10.416 -0.069
217 17.421 -1.749 0.089
218 -11.727 13.137 -0.03
219 -0.246 -17.572 -0.06
220 12.069 12.899 0.066
221 -17.661 -1.288 -0.079
222 13.926 -10.924 0.046
223 -2.864 17.596 0.011
224 -9.765 -14.834 -0.085
225 17.287 4.452 0.086
226 -15.761 8.485 -0.049
227 5.917 -16.89 -0.016
228 7.055 16.577 0.069
229 -16.444 -7.391 -0.089
230 17.132 -5.604 0.087
231 -8.91 15.798 -0.002
232 -4.146 -17.615 -0.054
233 14.963 10.288 0.062
234 -18.029 2.62 -0.074
235 11.56 -14.046 0.025
236 0.954 18.279 0.045
237 -13.12 -12.77 -0.084
238 18.31 0.65 0.085
239 -13.969 11.994 -0.038
240 2.219 -18.256 -0.038
241 10.724 15.052 0.061
242 -18.142 -3.786 -0.082
243 15.962 -9.385 0.064
244 -5.422 17.79 0.008
245 -8.05 -16.763 -0.086
246 17.282 7.014 0.086
247 -17.543 6.596 -0.063
248 8.472 -16.675 -0.003
249 5.009 18.119 0.054
250 -15.98 -9.918 -0.075
251 18.521 -3.392 0.1
252 -11.363 15.119 -0.02
253 -1.788 -18.775 -0.06
254 14.057 12.724 0.066
255 -19.002 0.178 -0.08
256 13.923 -12.941 0.042
