idx name E N U flagged rotation
0 sb01-9 13.431 9.074 0.0 False 56.1
1 sb01-10 12.2 12.643 0.0 False 56.1
2 sb02-1 7.952 16.817 0.0 False 56.1
3 sb02-2 6.009 18.285 0.0 False 56.1
4 sb02-3 6.696 15.505 0.0 False 56.1
5 sb02-4 3.891 17.003 0.0 False 56.1
6 sb02-5 2.517 15.913 0.0 False 56.1
7 sb02-6 4.681 14.623 0.0 False 56.1
8 sb01-1 11.844 15.373 0.0 False 56.1
9 sb01-2 11.11 11.297 0.0 False 56.1
10 sb01-3 9.599 12.258 0.0 False 56.1
11 sb01-4 6.649 10.614 0.0 False 56.1
12 sb01-5 7.919 9.123 0.0 False 56.1
13 sb01-6 9.602 10.102 0.0 False 56.1
14 sb01-7 10.662 7.378 0.0 False 56.1
15 sb01-8 11.433 9.486 0.0 False 56.1
16 sb03-4 -1.362 15.411 0.0 False 56.1
17 sb03-5 -2.241 16.937 0.0 False 56.1
18 sb03-6 -4.244 13.514 0.0 False 56.1
19 sb03-7 -1.323 13.623 0.0 False 56.1
20 sb03-8 -5.071 11.743 0.0 False 56.1
21 sb03-9 -2.523 11.916 0.0 False 56.1
22 sb03-10 0.085 12.358 0.0 False 56.1
23 sb03-11 1.798 14.266 0.0 False 56.1
24 sb02-7 3.399 13.077 0.0 False 56.1
25 sb02-8 4.958 12.161 0.0 False 56.1
26 sb02-9 6.759 12.562 0.0 False 56.1
27 sb02-10 8.161 14.358 0.0 False 56.1
28 sb02-11 10.585 14.023 0.0 False 56.1
29 sb03-1 1.733 17.881 0.0 False 56.1
30 sb03-2 0.625 16.406 0.0 False 56.1
31 sb03-3 -2.137 18.772 0.0 False 56.1
32 sb04-9 3.562 7.999 0.0 False 56.1
33 sb04-10 5.401 7.698 0.0 False 56.1
34 sb04-11 4.742 9.991 0.0 False 56.1
35 sb05-1 8.156 7.236 0.0 False 56.1
36 sb05-2 5.556 5.925 0.0 False 56.1
37 sb05-3 3.614 5.856 0.0 False 56.1
38 sb05-4 4.52 4.271 0.0 False 56.1
39 sb05-5 3.878 1.598 0.0 False 56.1
40 sb04-1 2.851 10.165 0.0 False 56.1
41 sb04-2 1.852 11.7 0.0 False 56.1
42 sb04-3 -1.029 10.758 0.0 False 56.1
43 sb04-4 0.055 9.237 0.0 False 56.1
44 sb04-5 -0.574 7.519 0.0 False 56.1
45 sb04-6 -0.509 5.656 0.0 False 56.1
46 sb04-7 1.767 8.075 0.0 False 56.1
47 sb04-8 1.607 5.119 0.0 False 56.1
48 sb06-4 -10.757 15.647 0.0 False 56.1
49 sb06-5 -10.867 13.93 0.0 False 56.1
50 sb06-6 -7.547 14.474 0.0 False 56.1
51 sb06-7 -8.904 13.119 0.0 False 56.1
52 sb06-8 -8.149 10.388 0.0 False 56.1
53 sb06-9 -6.425 10.248 0.0 False 56.1
54 sb06-10 -7.121 12.694 0.0 False 56.1
55 sb06-11 -5.515 14.824 0.0 False 56.1
56 sb05-6 5.628 1.011 0.0 False 56.1
57 sb05-7 6.523 3.596 0.0 False 56.1
58 sb05-8 7.455 5.154 0.0 False 56.1
59 sb05-9 9.913 3.325 0.0 False 56.1
60 sb05-10 9.244 4.973 0.0 False 56.1
61 sb06-1 -5.662 16.609 0.0 False 56.1
62 sb06-2 -4.28 18.501 0.0 False 56.1
63 sb06-3 -7.944 16.166 0.0 False 56.1
64 sb07-9 -3.441 5.053 0.0 False 56.1
65 sb07-10 -1.611 4.304 0.0 False 56.1
66 sb07-11 -2.302 7.131 0.0 False 56.1
67 sb08-1 -10.325 9.963 0.0 False 56.1
68 sb08-2 -11.1 11.973 0.0 False 56.1
69 sb08-3 -12.848 12.058 0.0 False 56.1
70 sb08-4 -13.833 10.596 0.0 False 56.1
71 sb08-5 -15.601 9.803 0.0 False 56.1
72 sb07-1 -3.075 9.033 0.0 False 56.1
73 sb07-2 -4.59 9.959 0.0 False 56.1
74 sb07-3 -4.139 7.109 0.0 False 56.1
75 sb07-4 -6.693 8.069 0.0 False 56.1
76 sb07-5 -7.911 5.715 0.0 False 56.1
77 sb07-6 -5.455 5.293 0.0 False 56.1
78 sb07-7 -5.613 3.475 0.0 False 56.1
79 sb07-8 -2.66 2.124 0.0 False 56.1
80 sb09-4 -11.305 3.275 0.0 False 56.1
81 sb09-5 -8.576 0.891 0.0 False 56.1
82 sb09-6 -10.782 -0.07 0.0 False 56.1
83 sb09-7 -9.879 -1.655 0.0 False 56.1
84 sb09-8 -8.241 -0.9 0.0 False 56.1
85 sb09-9 -6.367 0.534 0.0 False 56.1
86 sb09-10 -3.684 -0.131 0.0 False 56.1
87 sb09-11 -4.489 1.933 0.0 False 56.1
88 sb08-6 -12.566 8.466 0.0 False 56.1
89 sb08-7 -11.606 6.95 0.0 False 56.1
90 sb08-8 -9.696 6.382 0.0 False 56.1
91 sb08-9 -10.166 8.124 0.0 False 56.1
92 sb08-10 -8.436 7.64 0.0 False 56.1
93 sb09-1 -7.17 2.171 0.0 False 56.1
94 sb09-2 -7.348 4.011 0.0 False 56.1
95 sb09-3 -9.138 4.298 0.0 False 56.1
96 sb10-9 -12.321 0.876 0.0 False 56.1
97 sb10-10 -12.662 4.478 0.0 False 56.1
98 sb10-11 -11.003 5.052 0.0 False 56.1
99 sb11-1 -14.146 -0.765 0.0 False 56.1
100 sb11-2 -15.14 0.75 0.0 False 56.1
101 sb11-3 -16.294 -1.772 0.0 False 56.1
102 sb11-4 -18.596 -0.709 0.0 False 56.1
103 sb11-5 -18.394 -2.534 0.0 False 56.1
104 sb10-1 -13.216 6.287 0.0 False 56.1
105 sb10-2 -14.3 7.948 0.0 False 56.1
106 sb10-3 -17.499 8.309 0.0 False 56.1
107 sb10-4 -15.959 6.148 0.0 False 56.1
108 sb10-5 -18.72 3.853 0.0 False 56.1
109 sb10-6 -14.859 4.663 0.0 False 56.1
110 sb10-7 -16.831 2.937 0.0 False 56.1
111 sb10-8 -14.395 2.915 0.0 False 56.1
112 sb12-4 -12.601 -7.278 0.0 False 56.1
113 sb12-5 -15.138 -4.904 0.0 False 56.1
114 sb12-6 -15.755 -7.504 0.0 False 56.1
115 sb12-7 -14.811 -9.067 0.0 False 56.1
116 sb12-8 -17.399 -8.547 0.0 False 56.1
117 sb12-9 -14.452 -12.019 0.0 False 56.1
118 sb12-10 -13.252 -10.26 0.0 False 56.1
119 sb12-11 -8.496 -7.379 0.0 False 56.1
120 sb11-6 -16.909 -4.809 0.0 False 56.1
121 sb11-7 -17.566 -6.731 0.0 False 56.1
122 sb11-8 -14.571 -2.489 0.0 False 56.1
123 sb11-9 -12.595 -3.268 0.0 False 56.1
124 sb11-10 -11.759 -1.65 0.0 False 56.1
125 sb12-1 -10.235 -7.592 0.0 False 56.1
126 sb12-2 -11.684 -5.663 0.0 False 56.1
127 sb12-3 -13.385 -4.952 0.0 False 56.1
128 sb13-9 -6.962 -15.793 0.0 False 56.1
129 sb13-10 -6.464 -13.608 0.0 False 56.1
130 sb13-11 -5.12 -12.425 0.0 False 56.1
131 sb14-1 -0.446 -13.62 0.0 False 56.1
132 sb14-2 -1.914 -16.167 0.0 False 56.1
133 sb14-3 -1.924 -12.663 0.0 False 56.1
134 sb14-4 -3.667 -13.47 0.0 False 56.1
135 sb14-5 -5.263 -15.037 0.0 False 56.1
136 sb13-1 -5.439 -10.707 0.0 False 56.1
137 sb13-2 -8.426 -10.918 0.0 False 56.1
138 sb13-3 -10.616 -10.243 0.0 False 56.1
139 sb13-4 -9.874 -11.874 0.0 False 56.1
140 sb13-5 -12.217 -11.723 0.0 False 56.1
141 sb13-6 -10.104 -14.033 0.0 False 56.1
142 sb13-7 -8.298 -14.068 0.0 False 56.1
143 sb13-8 -9.038 -17.265 0.0 False 56.1
144 sb15-3 -6.653 -1.737 0.0 False 56.1
145 sb15-4 -7.657 -3.477 0.0 False 56.1
146 sb15-5 -10.54 -3.401 0.0 False 56.1
147 sb15-6 -9.684 -5.364 0.0 False 56.1
148 sb15-7 -8.702 -9.159 0.0 False 56.1
149 sb15-8 -5.771 -8.85 0.0 False 56.1
150 sb15-9 -6.694 -7.354 0.0 False 56.1
151 sb15-10 -4.255 -4.295 0.0 False 56.1
152 sb14-6 -3.601 -15.506 0.0 False 56.1
153 sb14-7 -5.725 -17.112 0.0 False 56.1
154 sb14-8 -2.445 -18.921 0.0 False 56.1
155 sb14-9 -1.032 -17.814 0.0 False 56.1
156 sb14-10 0.703 -18.346 0.0 False 56.1
157 sb14-11 0.571 -16.402 0.0 False 56.1
158 sb15-1 -4.936 -2.29 0.0 False 56.1
159 sb15-2 -6.533 -4.833 0.0 False 56.1
160 sb16-9 0.512 -12.123 0.0 False 56.1
161 sb16-10 1.101 -9.54 0.0 False 56.1
162 sb16-11 2.004 -11.141 0.0 False 56.1
163 sb17-1 6.673 -14.09 0.0 False 56.1
164 sb17-2 4.584 -12.071 0.0 False 56.1
165 sb17-3 4.834 -13.862 0.0 False 56.1
166 sb17-4 2.561 -12.885 0.0 False 56.1
167 sb17-5 1.126 -14.713 0.0 False 56.1
168 sb16-1 -0.36 -7.596 0.0 False 56.1
169 sb16-2 -1.17 -5.318 0.0 False 56.1
170 sb16-3 -2.735 -6.16 0.0 False 56.1
171 sb16-4 -1.883 -8.497 0.0 False 56.1
172 sb16-5 -5.09 -6.477 0.0 False 56.1
173 sb16-6 -4.034 -8.252 0.0 False 56.1
174 sb16-7 -3.458 -11.682 0.0 False 56.1
175 sb16-8 -1.181 -10.172 0.0 False 56.1
176 sb18-4 -1.73 0.076 0.0 False 56.1
177 sb18-5 -2.308 -2.097 0.0 False 56.1
178 sb18-6 -0.52 -1.423 0.0 False 56.1
179 sb18-7 -2.487 -4.158 0.0 False 56.1
180 sb18-8 -0.029 -3.912 0.0 False 56.1
181 sb18-9 1.705 -1.447 0.0 False 56.1
182 sb18-10 3.639 -0.209 0.0 False 56.1
183 sb18-11 2.383 2.505 0.0 False 56.1
184 sb17-6 2.997 -14.681 0.0 False 56.1
185 sb17-7 2.733 -16.991 0.0 False 56.1
186 sb17-8 4.422 -17.644 0.0 False 56.1
187 sb17-9 5.289 -16.022 0.0 False 56.1
188 sb17-10 8.32 -17.51 0.0 False 56.1
189 sb18-1 1.242 0.254 0.0 False 56.1
190 sb18-2 -0.082 3.323 0.0 False 56.1
191 sb18-3 -0.933 1.693 0.0 False 56.1
192 sb19-9 6.68 -9.847 0.0 False 56.1
193 sb19-10 7.768 -6.939 0.0 False 56.1
194 sb19-11 9.551 -7.002 0.0 False 56.1
195 sb20-1 11.299 -11.089 0.0 False 56.1
196 sb20-2 10.863 -9.393 0.0 False 56.1
197 sb20-3 8.319 -8.942 0.0 False 56.1
198 sb20-4 8.807 -10.994 0.0 False 56.1
199 sb20-5 6.802 -12.271 0.0 False 56.1
200 sb19-1 3.33 -2.232 0.0 False 56.1
201 sb19-2 4.644 -3.929 0.0 False 56.1
202 sb19-3 2.523 -5.371 0.0 False 56.1
203 sb19-4 0.756 -5.915 0.0 False 56.1
204 sb19-5 4.489 -6.565 0.0 False 56.1
205 sb19-6 3.34 -7.968 0.0 False 56.1
206 sb19-7 4.46 -9.358 0.0 False 56.1
207 sb19-8 6.094 -7.529 0.0 False 56.1
208 sb21-4 7.461 -0.083 0.0 False 56.1
209 sb21-5 4.97 -1.557 0.0 False 56.1
210 sb21-6 6.152 -2.952 0.0 False 56.1
211 sb21-7 6.406 -4.782 0.0 False 56.1
212 sb21-8 7.853 -2.412 0.0 False 56.1
213 sb21-9 8.261 -4.468 0.0 False 56.1
214 sb21-10 10.651 -1.856 0.0 False 56.1
215 sb21-11 10.858 -0.005 0.0 False 56.1
216 sb20-6 8.832 -13.906 0.0 False 56.1
217 sb20-7 7.679 -15.611 0.0 False 56.1
218 sb20-8 10.171 -15.706 0.0 False 56.1
219 sb20-9 10.611 -12.994 0.0 False 56.1
220 sb20-10 14.25 -12.008 0.0 False 56.1
221 sb21-1 11.076 1.887 0.0 False 56.1
222 sb21-2 9.232 0.702 0.0 False 56.1
223 sb21-3 7.967 2.543 0.0 False 56.1
224 sb22-9 15.539 -8.309 0.0 False 56.1
225 sb22-10 17.028 -6.654 0.0 False 56.1
226 sb22-11 14.427 -6.866 0.0 False 56.1
227 sb23-1 17.321 1.294 0.0 False 56.1
228 sb23-2 15.818 2.305 0.0 False 56.1
229 sb23-3 12.773 1.006 0.0 False 56.1
230 sb23-4 15.061 -0.292 0.0 False 56.1
231 sb23-5 13.771 -2.189 0.0 False 56.1
232 sb22-1 16.267 -4.827 0.0 False 56.1
233 sb22-2 13.784 -4.984 0.0 False 56.1
234 sb22-3 12.234 -3.032 0.0 False 56.1
235 sb22-4 11.014 -4.437 0.0 False 56.1
236 sb22-5 11.579 -6.102 0.0 False 56.1
237 sb22-6 13.085 -8.03 0.0 False 56.1
238 sb22-7 13.078 -9.879 0.0 False 56.1
239 sb22-8 15.211 -10.523 0.0 False 56.1
240 sb24-4 12.349 5.281 0.0 False 56.1
241 sb24-5 11.712 3.597 0.0 False 56.1
242 sb24-6 13.751 2.478 0.0 False 56.1
243 sb24-7 14.655 4.767 0.0 False 56.1
244 sb24-8 16.322 4.101 0.0 False 56.1
245 sb24-9 18.006 3.422 0.0 False 56.1
246 sb24-10 18.172 5.596 0.0 False 56.1
247 sb24-11 16.381 6.866 0.0 False 56.1
248 sb23-6 16.161 -1.76 0.0 False 56.1
249 sb23-7 14.999 -3.539 0.0 False 56.1
250 sb23-8 17.113 -3.254 0.0 False 56.1
251 sb23-9 19.086 -5.122 0.0 False 56.1
252 sb23-10 19.233 -0.935 0.0 False 56.1
253 sb24-1 15.269 9.2 0.0 False 56.1
254 sb24-2 14.62 7.211 0.0 False 56.1
255 sb24-3 12.579 7.147 0.0 False 56.1
